"chart_data" =         (
(
1527779366000,
7581
),
(
1527779965000,
7586
),
(
1527780566000,
7576
),
(
1527781166000,
7567
),
(
1527781766000,
7574
),
(
1527782366000,
7571
),
(
1527782966000,
7569
),
(
1527783566000,
7557
),
(
1527784166000,
7562
),
(
1527784766000,
7568
),
(
1527785365000,
7576
),
(
1527785966000,
7566
),
(
1527786566000,
7573
),
(
1527787166000,
7578
),
(
1527787766000,
7587
),
(
1527788366000,
7591
),
(
1527788966000,
7606
),
(
1527789565000,
7597
),
(
1527790165000,
7598
),
(
1527790766000,
7598
),
(
1527791366000,
7583
),
(
1527791966000,
7591
),
(
1527792566000,
7581
),
(
1527793166000,
7579
),
(
1527793766000,
7565
),
(
1527794365000,
7573
),
(
1527794966000,
7566
),
(
1527795566000,
7570
),
(
1527796166000,
7573
),
(
1527796766000,
7570
),
(
1527797366000,
7562
),
(
1527797966000,
7572
),
(
1527798565000,
7570
),
(
1527799166000,
7563
),
(
1527799766000,
7567
),
(
1527800366000,
7560
),
(
1527800966000,
7568
),
(
1527801566000,
7561
),
(
1527802166000,
7573
),
(
1527802765000,
7572
),
(
1527803365000,
7576
),
(
1527803966000,
7568
),
(
1527804566000,
7495
),
(
1527805166000,
7468
),
(
1527805766000,
7474
),
(
1527806366000,
7473
),
(
1527806966000,
7467
),
(
1527807565000,
7476
),
(
1527808165000,
7490
),
(
1527808766000,
7499
),
(
1527809366000,
7496
),
(
1527809966000,
7492
),
(
1527810566000,
7504
),
(
1527811166000,
7505
),
(
1527811766000,
7532
),
(
1527812366000,
7524
),
(
1527812965000,
7527
),
(
1527813566000,
7526
),
(
1527814166000,
7524
),
(
1527814766000,
7528
),
(
1527815366000,
7510
),
(
1527815966000,
7511
),
(
1527816566000,
7521
),
(
1527817166000,
7519
),
(
1527817765000,
7519
),
(
1527818366000,
7512
),
(
1527818966000,
7523
),
(
1527819566000,
7528
),
(
1527820166000,
7528
),
(
1527820766000,
7527
),
(
1527821366000,
7524
),
(
1527821966000,
7522
),
(
1527822566000,
7514
),
(
1527823166000,
7507
),
(
1527823766000,
7513
),
(
1527824366000,
7515
),
(
1527824966000,
7517
),
(
1527825566000,
7512
),
(
1527826166000,
7510
),
(
1527826765000,
7513
),
(
1527827366000,
7511
),
(
1527827966000,
7504
),
(
1527828566000,
7509
),
(
1527829166000,
7513
),
(
1527829766000,
7510
),
(
1527830366000,
7514
),
(
1527830966000,
7513
),
(
1527831565000,
7509
),
(
1527832165000,
7502
),
(
1527832766000,
7507
),
(
1527833366000,
7504
),
(
1527833966000,
7555
),
(
1527834566000,
7551
),
(
1527835166000,
7548
),
(
1527835766000,
7557
),
(
1527836365000,
7557
),
(
1527836965000,
7581
),
(
1527837566000,
7589
),
(
1527838166000,
7595
),
(
1527838766000,
7595
),
(
1527839366000,
7594
),
(
1527839966000,
7588
),
(
1527840566000,
7584
),
(
1527841166000,
7582
),
(
1527841765000,
7586
),
(
1527842366000,
7589
),
(
1527842966000,
7589
),
(
1527843566000,
7601
),
(
1527844166000,
7593
),
(
1527844766000,
7592
),
(
1527845366000,
7564
),
(
1527845966000,
7552
),
(
1527846566000,
7559
),
(
1527847165000,
7560
),
(
1527847766000,
7564
),
(
1527848366000,
7564
),
(
1527848966000,
7561
),
(
1527849566000,
7555
),
(
1527850166000,
7551
),
(
1527850766000,
7560
),
(
1527851366000,
7564
),
(
1527851966000,
7572
),
(
1527852565000,
7577
),
(
1527853166000,
7571
),
(
1527853766000,
7553
),
(
1527854366000,
7429
),
(
1527854966000,
7443
),
(
1527855566000,
7433
),
(
1527856166000,
7441
),
(
1527856766000,
7427
),
(
1527857365000,
7439
),
(
1527857966000,
7446
),
(
1527858566000,
7439
),
(
1527859166000,
7444
),
(
1527859766000,
7452
),
(
1527860366000,
7454
),
(
1527860966000,
7449
),
(
1527861566000,
7455
),
(
1527862165000,
7447
),
(
1527862766000,
7462
),
(
1527863366000,
7453
),
(
1527863966000,
7467
),
(
1527864566000,
7451
),
(
1527865166000,
7464
),
(
1527865766000,
7450
),
(
1527866366000,
7439
),
(
1527866966000,
7456
),
(
1527867566000,
7470
),
(
1527868166000,
7461
),
(
1527868766000,
7472
),
(
1527869366000,
7472
),
(
1527869966000,
7467
),
(
1527870566000,
7466
),
(
1527871166000,
7471
),
(
1527871766000,
7466
),
(
1527872365000,
7470
),
(
1527872966000,
7469
),
(
1527873566000,
7470
),
(
1527874166000,
7472
),
(
1527874766000,
7480
),
(
1527875366000,
7470
),
(
1527875966000,
7469
),
(
1527876566000,
7460
),
(
1527877165000,
7455
),
(
1527877766000,
7458
),
(
1527878366000,
7456
),
(
1527878966000,
7466
),
(
1527879566000,
7446
),
(
1527880166000,
7467
),
(
1527880766000,
7471
),
(
1527881365000,
7471
),
(
1527881966000,
7477
),
(
1527882566000,
7478
),
(
1527883166000,
7475
),
(
1527883766000,
7472
),
(
1527884366000,
7447
),
(
1527884966000,
7446
),
(
1527885566000,
7461
),
(
1527886166000,
7472
),
(
1527886765000,
7469
),
(
1527887365000,
7477
),
(
1527887966000,
7475
),
(
1527888566000,
7470
),
(
1527889166000,
7481
),
(
1527889766000,
7474
),
(
1527890366000,
7463
),
(
1527890965000,
7477
),
(
1527891566000,
7481
),
(
1527892166000,
7526
),
(
1527892766000,
7525
),
(
1527893366000,
7532
),
(
1527893966000,
7529
),
(
1527894535000,
7532
),
(
1527895165000,
7532
),
(
1527895766000,
7546
),
(
1527896366000,
7537
),
(
1527896966000,
7539
),
(
1527897566000,
7534
),
(
1527898166000,
7533
),
(
1527898766000,
7531
),
(
1527899365000,
7524
),
(
1527899966000,
7522
),
(
1527900566000,
7516
),
(
1527901166000,
7494
),
(
1527901766000,
7501
),
(
1527902366000,
7502
),
(
1527902966000,
7506
),
(
1527903566000,
7513
),
(
1527904165000,
7513
),
(
1527904765000,
7509
),
(
1527905366000,
7503
),
(
1527905966000,
7508
),
(
1527906566000,
7515
),
(
1527907166000,
7521
),
(
1527907766000,
7506
),
(
1527908366000,
7507
),
(
1527908966000,
7509
),
(
1527909565000,
7509
),
(
1527910165000,
7514
),
(
1527910766000,
7521
),
(
1527911366000,
7514
),
(
1527911966000,
7513
),
(
1527912566000,
7513
),
(
1527913166000,
7515
),
(
1527913766000,
7504
),
(
1527914366000,
7505
),
(
1527914965000,
7506
),
(
1527915566000,
7513
),
(
1527916166000,
7509
),
(
1527916766000,
7515
),
(
1527917366000,
7540
),
(
1527917966000,
7539
),
(
1527918566000,
7535
),
(
1527919166000,
7537
),
(
1527919765000,
7533
),
(
1527920366000,
7498
),
(
1527920966000,
7507
),
(
1527921566000,
7508
),
(
1527922166000,
7511
),
(
1527922766000,
7637
),
(
1527923366000,
7651
),
(
1527923966000,
7644
),
(
1527924565000,
7658
),
(
1527925166000,
7658
),
(
1527925766000,
7654
),
(
1527926366000,
7656
),
(
1527926966000,
7645
),
(
1527927536000,
7662
),
(
1527928166000,
7676
),
(
1527928766000,
7664
),
(
1527929365000,
7663
),
(
1527929966000,
7658
),
(
1527930566000,
7651
),
(
1527931136000,
7627
),
(
1527931766000,
7634
),
(
1527932366000,
7648
),
(
1527932966000,
7647
),
(
1527933566000,
7636
),
(
1527934166000,
7650
),
(
1527934736000,
7654
),
(
1527935366000,
7643
),
(
1527935966000,
7653
),
(
1527936566000,
7655
),
(
1527937166000,
7647
),
(
1527937766000,
7657
),
(
1527938366000,
7651
),
(
1527938965000,
7646
),
(
1527939565000,
7627
),
(
1527940166000,
7634
),
(
1527940766000,
7653
),
(
1527941366000,
7638
),
(
1527941966000,
7631
),
(
1527942566000,
7636
),
(
1527943166000,
7640
),
(
1527943766000,
7640
),
(
1527944365000,
7637
),
(
1527944965000,
7642
),
(
1527945566000,
7650
),
(
1527946166000,
7646
),
(
1527946766000,
7644
),
(
1527947366000,
7648
),
(
1527947966000,
7629
),
(
1527948566000,
7628
),
(
1527949166000,
7631
),
(
1527949765000,
7643
),
(
1527950366000,
7635
),
(
1527950966000,
7635
),
(
1527951566000,
7647
),
(
1527952166000,
7645
),
(
1527952766000,
7665
),
(
1527953366000,
7642
),
(
1527953966000,
7624
),
(
1527954566000,
7628
),
(
1527955166000,
7619
),
(
1527955765000,
7618
),
(
1527956366000,
7617
),
(
1527956966000,
7620
),
(
1527957566000,
7633
),
(
1527958166000,
7625
),
(
1527958766000,
7625
),
(
1527959366000,
7630
),
(
1527959966000,
7648
),
(
1527960565000,
7642
),
(
1527961166000,
7629
),
(
1527961766000,
7644
),
(
1527962366000,
7639
),
(
1527962966000,
7648
),
(
1527963566000,
7652
),
(
1527964166000,
7654
),
(
1527964766000,
7643
),
(
1527965365000,
7657
),
(
1527965966000,
7657
),
(
1527966566000,
7661
),
(
1527967166000,
7652
),
(
1527967766000,
7664
),
(
1527968366000,
7657
),
(
1527968966000,
7668
),
(
1527969566000,
7665
),
(
1527970165000,
7656
),
(
1527970766000,
7662
),
(
1527971336000,
7655
),
(
1527971966000,
7650
),
(
1527972566000,
7654
),
(
1527973166000,
7622
),
(
1527973766000,
7641
),
(
1527974366000,
7646
),
(
1527974965000,
7645
),
(
1527975566000,
7647
),
(
1527976166000,
7654
),
(
1527976766000,
7639
),
(
1527977366000,
7648
),
(
1527977966000,
7643
),
(
1527978566000,
7642
),
(
1527979166000,
7648
),
(
1527979765000,
7641
),
(
1527980366000,
7637
),
(
1527980966000,
7645
),
(
1527981566000,
7638
),
(
1527982166000,
7648
),
(
1527982766000,
7641
),
(
1527983366000,
7647
),
(
1527983966000,
7637
),
(
1527984565000,
7642
),
(
1527985166000,
7655
),
(
1527985766000,
7660
),
(
1527986366000,
7659
),
(
1527986966000,
7650
),
(
1527987566000,
7660
),
(
1527988166000,
7663
),
(
1527988766000,
7662
),
(
1527989366000,
7663
),
(
1527989965000,
7665
),
(
1527990566000,
7642
),
(
1527991166000,
7652
),
(
1527991766000,
7650
),
(
1527992366000,
7640
),
(
1527992966000,
7647
),
(
1527993565000,
7645
),
(
1527994166000,
7628
),
(
1527994766000,
7636
),
(
1527995366000,
7636
),
(
1527995966000,
7645
),
(
1527996566000,
7640
),
(
1527997166000,
7645
),
(
1527997766000,
7642
),
(
1527998366000,
7650
),
(
1527998966000,
7649
),
(
1527999566000,
7639
),
(
1528000166000,
7641
),
(
1528000766000,
7640
),
(
1528001366000,
7635
),
(
1528001965000,
7641
),
(
1528002565000,
7653
),
(
1528003166000,
7649
),
(
1528003766000,
7650
),
(
1528004336000,
7657
),
(
1528004966000,
7653
),
(
1528005566000,
7652
),
(
1528006166000,
7650
),
(
1528006766000,
7649
),
(
1528007365000,
7665
),
(
1528007936000,
7672
),
(
1528008566000,
7739
),
(
1528009166000,
7724
),
(
1528009766000,
7731
),
(
1528010366000,
7718
),
(
1528010966000,
7724
),
(
1528011566000,
7727
),
(
1528012165000,
7726
),
(
1528012766000,
7727
),
(
1528013366000,
7723
),
(
1528013966000,
7726
),
(
1528014566000,
7730
),
(
1528015166000,
7741
),
(
1528015766000,
7751
),
(
1528016366000,
7743
),
(
1528016966000,
7742
),
(
1528017565000,
7747
),
(
1528018166000,
7742
),
(
1528018766000,
7726
),
(
1528019366000,
7744
),
(
1528019966000,
7753
),
(
1528020566000,
7745
),
(
1528021166000,
7734
),
(
1528021766000,
7744
),
(
1528022366000,
7733
),
(
1528022965000,
7718
),
(
1528023566000,
7702
),
(
1528024166000,
7716
),
(
1528024766000,
7720
),
(
1528025366000,
7727
),
(
1528025966000,
7711
),
(
1528026566000,
7716
),
(
1528027166000,
7713
),
(
1528027765000,
7722
),
(
1528028366000,
7712
),
(
1528028966000,
7717
),
(
1528029566000,
7718
),
(
1528030166000,
7727
),
(
1528030766000,
7723
),
(
1528031366000,
7730
),
(
1528031966000,
7735
),
(
1528032566000,
7733
),
(
1528033165000,
7747
),
(
1528033766000,
7726
),
(
1528034366000,
7727
),
(
1528034966000,
7726
),
(
1528035566000,
7702
),
(
1528036166000,
7710
),
(
1528036766000,
7696
),
(
1528037365000,
7725
),
(
1528037966000,
7725
),
(
1528038566000,
7719
),
(
1528039166000,
7713
),
(
1528039766000,
7721
),
(
1528040366000,
7722
),
(
1528040936000,
7715
),
(
1528041566000,
7728
),
(
1528042166000,
7729
),
(
1528042766000,
7725
),
(
1528043366000,
7731
),
(
1528043966000,
7727
),
(
1528044566000,
7725
),
(
1528045166000,
7713
),
(
1528045766000,
7704
),
(
1528046366000,
7695
),
(
1528046966000,
7698
),
(
1528047565000,
7703
),
(
1528048166000,
7713
),
(
1528048766000,
7713
),
(
1528049366000,
7712
),
(
1528049966000,
7700
),
(
1528050566000,
7699
),
(
1528051166000,
7703
),
(
1528051766000,
7700
),
(
1528052366000,
7700
),
(
1528052966000,
7703
),
(
1528053566000,
7689
),
(
1528054166000,
7692
),
(
1528054766000,
7715
),
(
1528055366000,
7725
),
(
1528055966000,
7728
),
(
1528056565000,
7718
),
(
1528057166000,
7707
),
(
1528057766000,
7718
),
(
1528058366000,
7720
),
(
1528058966000,
7725
),
(
1528059566000,
7727
),
(
1528060166000,
7725
),
(
1528060766000,
7719
),
(
1528061365000,
7729
),
(
1528061966000,
7723
),
(
1528062566000,
7707
),
(
1528063166000,
7709
),
(
1528063766000,
7717
),
(
1528064366000,
7722
),
(
1528064966000,
7718
),
(
1528065566000,
7720
),
(
1528066165000,
7710
),
(
1528066766000,
7710
),
(
1528067366000,
7722
),
(
1528067966000,
7713
),
(
1528068566000,
7721
),
(
1528069166000,
7722
),
(
1528069766000,
7721
),
(
1528070366000,
7729
),
(
1528070966000,
7736
),
(
1528071566000,
7734
),
(
1528072166000,
7740
),
(
1528072766000,
7748
),
(
1528073366000,
7743
),
(
1528073966000,
7737
),
(
1528074566000,
7739
),
(
1528075165000,
7724
),
(
1528075765000,
7726
),
(
1528076366000,
7719
),
(
1528076966000,
7708
),
(
1528077566000,
7725
),
(
1528078166000,
7717
),
(
1528078766000,
7713
),
(
1528079366000,
7706
),
(
1528079966000,
7699
),
(
1528080565000,
7692
),
(
1528081165000,
7694
),
(
1528081766000,
7706
),
(
1528082366000,
7704
),
(
1528082966000,
7709
),
(
1528083566000,
7713
),
(
1528084166000,
7717
),
(
1528084766000,
7714
),
(
1528085365000,
7715
),
(
1528085966000,
7708
),
(
1528086566000,
7713
),
(
1528087166000,
7714
),
(
1528087766000,
7718
),
(
1528088366000,
7718
),
(
1528088966000,
7706
),
(
1528089566000,
7704
),
(
1528090165000,
7698
),
(
1528090765000,
7701
),
(
1528091366000,
7702
),
(
1528091966000,
7684
),
(
1528092566000,
7659
),
(
1528093166000,
7669
),
(
1528093766000,
7669
),
(
1528094366000,
7629
),
(
1528094966000,
7626
),
(
1528095565000,
7629
),
(
1528096166000,
7619
),
(
1528096766000,
7623
),
(
1528097366000,
7638
),
(
1528097966000,
7650
),
(
1528098566000,
7637
),
(
1528099166000,
7633
),
(
1528099766000,
7629
),
(
1528100365000,
7621
),
(
1528100966000,
7623
),
(
1528101566000,
7621
),
(
1528102166000,
7632
),
(
1528102766000,
7621
),
(
1528103366000,
7607
),
(
1528103966000,
7600
),
(
1528104565000,
7610
),
(
1528105166000,
7613
),
(
1528105766000,
7612
),
(
1528106366000,
7624
),
(
1528106966000,
7635
),
(
1528107566000,
7630
),
(
1528108166000,
7629
),
(
1528108766000,
7630
),
(
1528109366000,
7625
),
(
1528109966000,
7607
),
(
1528110566000,
7586
),
(
1528111166000,
7576
),
(
1528111766000,
7565
),
(
1528112366000,
7563
),
(
1528112966000,
7558
),
(
1528113566000,
7540
),
(
1528114166000,
7545
),
(
1528114765000,
7562
),
(
1528115366000,
7559
),
(
1528115966000,
7570
),
(
1528116566000,
7548
),
(
1528117166000,
7563
),
(
1528117736000,
7550
),
(
1528118366000,
7553
),
(
1528118966000,
7552
),
(
1528119566000,
7561
),
(
1528120166000,
7557
),
(
1528120766000,
7531
),
(
1528121336000,
7517
),
(
1528121966000,
7518
),
(
1528122566000,
7508
),
(
1528123166000,
7504
),
(
1528123766000,
7513
),
(
1528124366000,
7520
),
(
1528124966000,
7536
),
(
1528125565000,
7529
),
(
1528126166000,
7535
),
(
1528126766000,
7534
),
(
1528127366000,
7518
),
(
1528127966000,
7535
),
(
1528128566000,
7535
),
(
1528129166000,
7535
),
(
1528129766000,
7524
),
(
1528130366000,
7527
),
(
1528130965000,
7521
),
(
1528131566000,
7510
),
(
1528132166000,
7508
),
(
1528132766000,
7509
),
(
1528133366000,
7495
),
(
1528133966000,
7506
),
(
1528134566000,
7505
),
(
1528135166000,
7509
),
(
1528135765000,
7516
),
(
1528136366000,
7505
),
(
1528136966000,
7510
),
(
1528137566000,
7519
),
(
1528138166000,
7520
),
(
1528138766000,
7528
),
(
1528139366000,
7522
),
(
1528139966000,
7535
),
(
1528140565000,
7527
),
(
1528141166000,
7530
),
(
1528141766000,
7521
),
(
1528142366000,
7525
),
(
1528142966000,
7526
),
(
1528143566000,
7522
),
(
1528144166000,
7521
),
(
1528144765000,
7525
),
(
1528145366000,
7532
),
(
1528145966000,
7542
),
(
1528146566000,
7554
),
(
1528147166000,
7551
),
(
1528147766000,
7567
),
(
1528148366000,
7564
),
(
1528148966000,
7566
),
(
1528149565000,
7570
),
(
1528150166000,
7551
),
(
1528150736000,
7546
),
(
1528151366000,
7543
),
(
1528151966000,
7546
),
(
1528152566000,
7537
),
(
1528153166000,
7542
),
(
1528153766000,
7522
),
(
1528154336000,
7511
),
(
1528154966000,
7517
),
(
1528155566000,
7515
),
(
1528156166000,
7523
),
(
1528156766000,
7518
),
(
1528157366000,
7538
),
(
1528157966000,
7532
),
(
1528158566000,
7526
),
(
1528159165000,
7523
),
(
1528159766000,
7534
),
(
1528160366000,
7528
),
(
1528160966000,
7532
),
(
1528161536000,
7521
),
(
1528162166000,
7524
),
(
1528162766000,
7519
),
(
1528163366000,
7519
),
(
1528163966000,
7523
),
(
1528164565000,
7513
),
(
1528165136000,
7474
),
(
1528165766000,
7460
),
(
1528166366000,
7474
),
(
1528166966000,
7445
),
(
1528167566000,
7447
),
(
1528168166000,
7438
),
(
1528168766000,
7460
),
(
1528169365000,
7455
),
(
1528169966000,
7448
),
(
1528170566000,
7444
),
(
1528171166000,
7449
),
(
1528171766000,
7459
),
(
1528172366000,
7452
),
(
1528172966000,
7443
),
(
1528173566000,
7443
),
(
1528174166000,
7443
),
(
1528174765000,
7424
),
(
1528175365000,
7425
),
(
1528175966000,
7448
),
(
1528176566000,
7449
),
(
1528177166000,
7445
),
(
1528177766000,
7461
),
(
1528178366000,
7464
),
(
1528178966000,
7466
),
(
1528179566000,
7480
),
(
1528180166000,
7463
),
(
1528180766000,
7469
),
(
1528181366000,
7457
),
(
1528181966000,
7462
),
(
1528182566000,
7439
),
(
1528183166000,
7428
),
(
1528183766000,
7428
),
(
1528184366000,
7429
),
(
1528184966000,
7430
),
(
1528185566000,
7436
),
(
1528186165000,
7454
),
(
1528186766000,
7465
),
(
1528187366000,
7465
),
(
1528187966000,
7455
),
(
1528188566000,
7474
),
(
1528189166000,
7476
),
(
1528189766000,
7466
),
(
1528190366000,
7472
),
(
1528190966000,
7470
),
(
1528191565000,
7459
),
(
1528192166000,
7468
),
(
1528192766000,
7451
),
(
1528193366000,
7459
),
(
1528193966000,
7457
),
(
1528194566000,
7465
),
(
1528195166000,
7459
),
(
1528195766000,
7454
),
(
1528196366000,
7451
),
(
1528196965000,
7449
),
(
1528197566000,
7449
),
(
1528198166000,
7447
),
(
1528198766000,
7465
),
(
1528199366000,
7457
),
(
1528199966000,
7451
),
(
1528200566000,
7457
),
(
1528201166000,
7453
),
(
1528201766000,
7449
),
(
1528202365000,
7458
),
(
1528202966000,
7451
),
(
1528203566000,
7444
),
(
1528204166000,
7441
),
(
1528204766000,
7450
),
(
1528205366000,
7446
),
(
1528205966000,
7449
),
(
1528206566000,
7458
),
(
1528207166000,
7414
),
(
1528207765000,
7416
),
(
1528208366000,
7446
),
(
1528208966000,
7443
),
(
1528209566000,
7440
),
(
1528210166000,
7443
),
(
1528210766000,
7438
),
(
1528211366000,
7461
),
(
1528211966000,
7491
),
(
1528212566000,
7491
),
(
1528213165000,
7501
),
(
1528213766000,
7487
),
(
1528214366000,
7518
),
(
1528214966000,
7570
),
(
1528215566000,
7593
),
(
1528216166000,
7574
),
(
1528216766000,
7577
),
(
1528217366000,
7578
),
(
1528217966000,
7590
),
(
1528218565000,
7582
),
(
1528219166000,
7607
),
(
1528219766000,
7618
),
(
1528220366000,
7616
),
(
1528220966000,
7643
),
(
1528221566000,
7626
),
(
1528222165000,
7639
),
(
1528222765000,
7631
),
(
1528223366000,
7636
),
(
1528223966000,
7645
),
(
1528224566000,
7642
),
(
1528225166000,
7630
),
(
1528225766000,
7634
),
(
1528226366000,
7633
),
(
1528226965000,
7639
),
(
1528227566000,
7634
),
(
1528228166000,
7634
),
(
1528228766000,
7632
),
(
1528229366000,
7628
),
(
1528229966000,
7629
),
(
1528230566000,
7637
),
(
1528231166000,
7629
),
(
1528231766000,
7636
),
(
1528232366000,
7643
),
(
1528232966000,
7639
),
(
1528233566000,
7634
),
(
1528234166000,
7606
),
(
1528234766000,
7615
),
(
1528235366000,
7621
),
(
1528235965000,
7602
),
(
1528236566000,
7618
),
(
1528237166000,
7620
),
(
1528237766000,
7620
),
(
1528238336000,
7627
),
(
1528238966000,
7628
),
(
1528239566000,
7641
),
(
1528240166000,
7631
),
(
1528240766000,
7627
),
(
1528241366000,
7622
),
(
1528241966000,
7631
),
(
1528242566000,
7632
),
(
1528243166000,
7637
),
(
1528243766000,
7635
),
(
1528244366000,
7630
),
(
1528244966000,
7627
),
(
1528245566000,
7624
),
(
1528246165000,
7638
),
(
1528246766000,
7621
),
(
1528247366000,
7600
),
(
1528247966000,
7627
),
(
1528248566000,
7624
),
(
1528249166000,
7640
),
(
1528249766000,
7638
),
(
1528250366000,
7636
),
(
1528250966000,
7635
),
(
1528251565000,
7632
),
(
1528252166000,
7633
),
(
1528252766000,
7616
),
(
1528253366000,
7630
),
(
1528253966000,
7632
),
(
1528254566000,
7633
),
(
1528255166000,
7626
),
(
1528255766000,
7635
),
(
1528256365000,
7634
),
(
1528256965000,
7634
),
(
1528257566000,
7625
),
(
1528258166000,
7624
),
(
1528258766000,
7626
),
(
1528259366000,
7627
),
(
1528259966000,
7626
),
(
1528260566000,
7620
),
(
1528261166000,
7620
),
(
1528261765000,
7611
),
(
1528262366000,
7617
),
(
1528262966000,
7624
),
(
1528263566000,
7624
),
(
1528264166000,
7622
),
(
1528264766000,
7623
),
(
1528265366000,
7641
),
(
1528265966000,
7643
),
(
1528266565000,
7646
),
(
1528267166000,
7641
),
(
1528267766000,
7649
),
(
1528268366000,
7647
),
(
1528268966000,
7646
),
(
1528269566000,
7663
),
(
1528270166000,
7637
),
(
1528270766000,
7628
),
(
1528271336000,
7628
),
(
1528271965000,
7641
),
(
1528272565000,
7631
),
(
1528273166000,
7620
),
(
1528273766000,
7615
),
(
1528274366000,
7631
),
(
1528274966000,
7618
),
(
1528275566000,
7628
),
(
1528276166000,
7622
),
(
1528276766000,
7615
),
(
1528277365000,
7619
),
(
1528277965000,
7620
),
(
1528278536000,
7608
),
(
1528279166000,
7608
),
(
1528279766000,
7606
),
(
1528280366000,
7605
),
(
1528280966000,
7617
),
(
1528281566000,
7622
),
(
1528282166000,
7615
),
(
1528282765000,
7618
),
(
1528283365000,
7635
),
(
1528283966000,
7629
),
(
1528284566000,
7635
),
(
1528285166000,
7641
),
(
1528285766000,
7635
),
(
1528286366000,
7629
),
(
1528286966000,
7634
),
(
1528287566000,
7634
),
(
1528288165000,
7626
),
(
1528288766000,
7648
),
(
1528289366000,
7644
),
(
1528289966000,
7664
),
(
1528290566000,
7656
),
(
1528291166000,
7654
),
(
1528291766000,
7655
),
(
1528292366000,
7650
),
(
1528292965000,
7649
),
(
1528293566000,
7647
),
(
1528294166000,
7644
),
(
1528294766000,
7641
),
(
1528295366000,
7640
),
(
1528295966000,
7644
),
(
1528296566000,
7640
),
(
1528297166000,
7640
),
(
1528297766000,
7640
),
(
1528298366000,
7636
),
(
1528298966000,
7649
),
(
1528299566000,
7649
),
(
1528300166000,
7666
),
(
1528300766000,
7662
),
(
1528301366000,
7672
),
(
1528301966000,
7655
),
(
1528302566000,
7590
),
(
1528303165000,
7563
),
(
1528303766000,
7551
),
(
1528304366000,
7547
),
(
1528304966000,
7548
),
(
1528305566000,
7556
),
(
1528306166000,
7541
),
(
1528306766000,
7549
),
(
1528307366000,
7558
),
(
1528307965000,
7555
),
(
1528308566000,
7541
),
(
1528309166000,
7545
),
(
1528309766000,
7531
),
(
1528310366000,
7530
),
(
1528310966000,
7545
),
(
1528311566000,
7542
),
(
1528312166000,
7548
),
(
1528312765000,
7548
),
(
1528313366000,
7543
),
(
1528313966000,
7546
),
(
1528314566000,
7555
),
(
1528315166000,
7548
),
(
1528315766000,
7553
),
(
1528316366000,
7551
),
(
1528316965000,
7547
),
(
1528317566000,
7546
),
(
1528318166000,
7541
),
(
1528318766000,
7634
),
(
1528319366000,
7646
),
(
1528319966000,
7635
),
(
1528320566000,
7687
),
(
1528321166000,
7662
),
(
1528321766000,
7671
),
(
1528322366000,
7671
),
(
1528322966000,
7679
),
(
1528323566000,
7681
),
(
1528324166000,
7669
),
(
1528324766000,
7661
),
(
1528325365000,
7666
),
(
1528325965000,
7673
),
(
1528326566000,
7669
),
(
1528327166000,
7664
),
(
1528327766000,
7670
),
(
1528328366000,
7669
),
(
1528328966000,
7668
),
(
1528329566000,
7668
),
(
1528330166000,
7681
),
(
1528330765000,
7677
),
(
1528331366000,
7680
),
(
1528331966000,
7683
),
(
1528332566000,
7687
),
(
1528333166000,
7718
),
(
1528333766000,
7724
),
(
1528334366000,
7731
),
(
1528334966000,
7734
),
(
1528335565000,
7731
),
(
1528336166000,
7714
),
(
1528336766000,
7717
),
(
1528337366000,
7745
),
(
1528337966000,
7739
),
(
1528338566000,
7726
),
(
1528339166000,
7726
),
(
1528339766000,
7723
),
(
1528340365000,
7721
),
(
1528340966000,
7723
),
(
1528341566000,
7725
),
(
1528342166000,
7720
),
(
1528342766000,
7701
),
(
1528343366000,
7715
),
(
1528343966000,
7710
),
(
1528344566000,
7704
),
(
1528345166000,
7711
),
(
1528345765000,
7704
),
(
1528346366000,
7706
),
(
1528346966000,
7715
),
(
1528347566000,
7710
),
(
1528348166000,
7699
),
(
1528348766000,
7711
),
(
1528349366000,
7712
),
(
1528349966000,
7708
),
(
1528350566000,
7706
),
(
1528351165000,
7709
),
(
1528351766000,
7707
),
(
1528352366000,
7712
),
(
1528352966000,
7697
),
(
1528353566000,
7701
),
(
1528353866000,
7706
),
(
1528353866000,
7704
),
(
1528703336000,
6789
),
(
1528704956000,
6786
),
(
1528706516000,
6819
),
(
1528708256000,
6826
),
(
1528709996000,
6833
),
(
1528711707000,
6805
),
(
1528713506000,
6813
),
(
1528764536000,
6899
),
(
1528766186000,
6913
),
(
1528767866000,
6918
),
(
1528769787000,
6917
),
(
1528772936000,
6905
),
(
1528775096000,
6873
),
(
1528777166000,
6881
),
(
1528780676000,
6891
),
(
1528785716000,
6901
),
(
1528789406000,
6866
),
(
1528793126000,
6902
),
(
1528796906000,
6903
),
(
1528800115000,
6887
),
(
1528802216000,
6895
),
(
1528804046000,
6899
),
(
1528805996000,
6875
),
(
1528807136000,
6880
),
(
1528809266000,
6753
),
(
1528810766000,
6772
),
(
1528813122000,
6814
),
(
1528814936000,
6821
),
(
1528816376000,
6811
),
(
1528818146000,
6814
),
(
1528820216000,
6809
),
(
1528822106000,
6804
),
(
1528823726000,
6770
),
(
1528825736000,
6806
),
(
1528827146000,
6738
),
(
1528828736000,
6782
),
(
1528830866000,
6626
),
(
1528832606000,
6594
),
(
1528834556000,
6618
),
(
1528836476000,
6628
),
(
1528837736000,
6594
),
(
1528839716000,
6609
),
(
1528841486000,
6623
),
(
1528843226000,
6616
),
(
1528845475000,
6552
),
(
1528846796000,
6591
),
(
1528848836000,
6624
),
(
1528850725000,
6633
),
(
1528852556000,
6580
),
(
1528854236000,
6610
),
(
1528855796000,
6606
)
);

