"chart_data" =         (
(
1528272565000,
7631
),
(
1528272866000,
7622
),
(
1528273166000,
7620
),
(
1528273466000,
7626
),
(
1528273766000,
7615
),
(
1528274066000,
7628
),
(
1528274366000,
7631
),
(
1528274666000,
7619
),
(
1528274966000,
7618
),
(
1528275266000,
7628
),
(
1528275566000,
7628
),
(
1528275866000,
7635
),
(
1528276166000,
7622
),
(
1528276466000,
7618
),
(
1528276766000,
7615
),
(
1528277066000,
7621
),
(
1528277365000,
7619
),
(
1528277666000,
7619
),
(
1528277965000,
7620
),
(
1528278266000,
7615
),
(
1528278536000,
7608
),
(
1528278866000,
7614
),
(
1528279166000,
7608
),
(
1528279466000,
7614
),
(
1528279766000,
7606
),
(
1528280066000,
7610
),
(
1528280366000,
7605
),
(
1528280666000,
7618
),
(
1528280966000,
7617
),
(
1528281266000,
7621
),
(
1528281566000,
7622
),
(
1528281866000,
7615
),
(
1528282166000,
7615
),
(
1528282465000,
7623
),
(
1528282765000,
7618
),
(
1528283066000,
7624
),
(
1528283365000,
7635
),
(
1528283666000,
7631
),
(
1528283966000,
7629
),
(
1528284266000,
7629
),
(
1528284566000,
7635
),
(
1528284866000,
7635
),
(
1528285166000,
7641
),
(
1528285466000,
7633
),
(
1528285766000,
7635
),
(
1528286066000,
7629
),
(
1528286366000,
7629
),
(
1528286666000,
7637
),
(
1528286966000,
7634
),
(
1528287266000,
7633
),
(
1528287566000,
7634
),
(
1528287865000,
7623
),
(
1528288165000,
7626
),
(
1528288466000,
7625
),
(
1528288766000,
7648
),
(
1528289066000,
7643
),
(
1528289366000,
7644
),
(
1528289666000,
7636
),
(
1528289966000,
7664
),
(
1528290266000,
7658
),
(
1528290566000,
7656
),
(
1528290866000,
7649
),
(
1528291166000,
7654
),
(
1528291466000,
7655
),
(
1528291766000,
7655
),
(
1528292066000,
7651
),
(
1528292366000,
7650
),
(
1528292665000,
7653
),
(
1528292965000,
7649
),
(
1528293266000,
7653
),
(
1528293566000,
7647
),
(
1528293866000,
7642
),
(
1528294166000,
7644
),
(
1528294466000,
7634
),
(
1528294766000,
7641
),
(
1528295066000,
7638
),
(
1528295366000,
7640
),
(
1528295666000,
7647
),
(
1528295966000,
7644
),
(
1528296266000,
7642
),
(
1528296566000,
7640
),
(
1528296836000,
7636
),
(
1528297166000,
7640
),
(
1528297466000,
7632
),
(
1528297766000,
7640
),
(
1528298066000,
7637
),
(
1528298366000,
7636
),
(
1528298606000,
7647
),
(
1528298966000,
7649
),
(
1528299266000,
7641
),
(
1528299566000,
7649
),
(
1528299866000,
7653
),
(
1528300166000,
7666
),
(
1528300466000,
7663
),
(
1528300766000,
7662
),
(
1528301066000,
7665
),
(
1528301366000,
7672
),
(
1528301666000,
7664
),
(
1528301966000,
7655
),
(
1528302266000,
7654
),
(
1528302566000,
7590
),
(
1528302866000,
7573
),
(
1528303165000,
7563
),
(
1528303465000,
7570
),
(
1528303766000,
7551
),
(
1528304066000,
7542
),
(
1528304366000,
7547
),
(
1528304666000,
7547
),
(
1528304966000,
7548
),
(
1528305266000,
7549
),
(
1528305566000,
7556
),
(
1528305866000,
7551
),
(
1528306166000,
7541
),
(
1528306466000,
7547
),
(
1528306766000,
7549
),
(
1528307066000,
7562
),
(
1528307366000,
7558
),
(
1528307666000,
7553
),
(
1528307965000,
7555
),
(
1528308265000,
7536
),
(
1528308566000,
7541
),
(
1528308866000,
7544
),
(
1528309166000,
7545
),
(
1528309466000,
7529
),
(
1528309766000,
7531
),
(
1528310066000,
7529
),
(
1528310366000,
7530
),
(
1528310666000,
7536
),
(
1528310966000,
7545
),
(
1528311266000,
7543
),
(
1528311566000,
7542
),
(
1528311866000,
7551
),
(
1528312166000,
7548
),
(
1528312466000,
7545
),
(
1528312765000,
7548
),
(
1528313065000,
7543
),
(
1528313366000,
7543
),
(
1528313666000,
7542
),
(
1528313966000,
7546
),
(
1528314266000,
7553
),
(
1528314566000,
7555
),
(
1528314866000,
7555
),
(
1528315166000,
7548
),
(
1528315466000,
7558
),
(
1528315766000,
7553
),
(
1528316066000,
7552
),
(
1528316366000,
7551
),
(
1528316665000,
7546
),
(
1528316965000,
7547
),
(
1528317266000,
7551
),
(
1528317566000,
7546
),
(
1528317866000,
7543
),
(
1528318166000,
7541
),
(
1528318466000,
7642
),
(
1528318766000,
7634
),
(
1528319066000,
7634
),
(
1528319366000,
7646
),
(
1528319666000,
7643
),
(
1528319966000,
7635
),
(
1528320266000,
7641
),
(
1528320566000,
7687
),
(
1528320866000,
7693
),
(
1528321166000,
7662
),
(
1528321466000,
7675
),
(
1528321766000,
7671
),
(
1528322066000,
7672
),
(
1528322366000,
7671
),
(
1528322666000,
7677
),
(
1528322966000,
7679
),
(
1528323266000,
7683
),
(
1528323566000,
7681
),
(
1528323866000,
7669
),
(
1528324166000,
7669
),
(
1528324466000,
7674
),
(
1528324766000,
7661
),
(
1528325066000,
7659
),
(
1528325365000,
7666
),
(
1528325665000,
7670
),
(
1528325965000,
7673
),
(
1528326266000,
7673
),
(
1528326566000,
7669
),
(
1528326866000,
7655
),
(
1528327166000,
7664
),
(
1528327466000,
7664
),
(
1528327766000,
7670
),
(
1528328066000,
7669
),
(
1528328366000,
7669
),
(
1528328666000,
7668
),
(
1528328966000,
7668
),
(
1528329266000,
7668
),
(
1528329566000,
7668
),
(
1528329866000,
7680
),
(
1528330166000,
7681
),
(
1528330465000,
7675
),
(
1528330765000,
7677
),
(
1528331065000,
7692
),
(
1528331366000,
7680
),
(
1528331666000,
7683
),
(
1528331966000,
7683
),
(
1528332266000,
7681
),
(
1528332566000,
7687
),
(
1528332866000,
7689
),
(
1528333166000,
7718
),
(
1528333466000,
7710
),
(
1528333766000,
7724
),
(
1528334066000,
7746
),
(
1528334366000,
7731
),
(
1528334666000,
7742
),
(
1528334966000,
7734
),
(
1528335265000,
7729
),
(
1528335565000,
7731
),
(
1528335866000,
7724
),
(
1528336166000,
7714
),
(
1528336466000,
7727
),
(
1528336766000,
7717
),
(
1528337066000,
7725
),
(
1528337366000,
7745
),
(
1528337666000,
7725
),
(
1528337966000,
7739
),
(
1528338238000,
7725
),
(
1528338566000,
7726
),
(
1528338866000,
7722
),
(
1528339166000,
7726
),
(
1528339466000,
7731
),
(
1528339766000,
7723
),
(
1528340066000,
7708
),
(
1528340365000,
7721
),
(
1528340636000,
7712
),
(
1528340966000,
7723
),
(
1528341266000,
7721
),
(
1528341566000,
7725
),
(
1528341866000,
7721
),
(
1528342166000,
7720
),
(
1528342466000,
7729
),
(
1528342766000,
7701
),
(
1528343066000,
7716
),
(
1528343366000,
7715
),
(
1528343666000,
7720
),
(
1528343966000,
7710
),
(
1528344236000,
7720
),
(
1528344566000,
7704
),
(
1528344866000,
7719
),
(
1528345166000,
7711
),
(
1528345465000,
7713
),
(
1528345765000,
7704
),
(
1528346065000,
7709
),
(
1528346366000,
7706
),
(
1528346666000,
7704
),
(
1528346966000,
7715
),
(
1528347266000,
7705
),
(
1528347566000,
7710
),
(
1528347836000,
7707
),
(
1528348166000,
7699
),
(
1528348436000,
7701
),
(
1528348766000,
7711
),
(
1528349066000,
7706
),
(
1528349366000,
7712
),
(
1528349666000,
7707
),
(
1528349966000,
7708
),
(
1528350266000,
7701
),
(
1528350566000,
7706
),
(
1528350865000,
7710
),
(
1528351165000,
7709
),
(
1528351465000,
7712
),
(
1528351766000,
7707
),
(
1528352066000,
7712
),
(
1528352366000,
7712
),
(
1528352666000,
7707
),
(
1528352966000,
7697
),
(
1528353266000,
7696
),
(
1528353566000,
7701
),
(
1528353566000,
7708
),
(
1528703336000,
6789
),
(
1528704956000,
6786
),
(
1528706516000,
6819
),
(
1528708256000,
6826
),
(
1528709996000,
6833
),
(
1528711707000,
6805
),
(
1528713506000,
6813
),
(
1528764536000,
6899
),
(
1528766186000,
6913
),
(
1528767866000,
6918
),
(
1528769787000,
6917
),
(
1528772936000,
6905
),
(
1528775096000,
6873
),
(
1528777166000,
6881
),
(
1528780676000,
6891
),
(
1528785716000,
6901
),
(
1528789406000,
6866
)
);

